P7002437382391145    08908886    0941281689        143854649            1961 089
P7002437396280695    08908886    0940068509        144517289            1961 089
P7002437403311065    08908886    0939391749        144721809            1961 089
P7002437406255725    08908886    0939304809        144758709            1961 089
P7002437406273055    08908886    0939304409        144759049            1961 089
P7002437730389045    08908886    1002543769        124837129            1962 089
P7002437772259345    08908886    0958062409        131318649            1962 089
P7002437789256755    08908886    0957371999        131513169            1962 089
P7002437792276505    08908886    0957382519        131459979            1962 089
P7002438049502925    08908886    1028592849        102224439            1963 089
P7002438085428405    08908886    1023295009        105446459            1963 089
P7002438113330406    08908886    1019096229        111910589            1963 089
P7002438143260805    08908886    1016151849        113437909            1963 089
P7002438162275735    08908886    1015505999        113608809            1963 089
P7002438776559770    08908886    1106019079        063844049            1965 089
P7002438818512360    08908886    1100244609        071443879            1965 089
P7002438821401530    08908886    1059562669        071739419            1965 089
P7002438852366090    08908886    1055100529        074643369            1965 089
P7002438855361390    08908886    1054464589        074903729            1965 089
P7002438875299520    08908886    1052420829        080105869            1965 089
P7002438879293930    08908886    1052250209        080240689            1965 089
P7002439169484750    08908886    1121015049        050443549            1966 089
P7002439181469970    08908886    1119139479        051619569            1966 089
P7002439184457520    08908886    1118456569        051920969            1966 089
P7002439185411190    08908886    1118365749        052019349            1966 089
P7002439187438260    08908886    1118171089        052223699            1966 089
P7002439198417100    08908886    1116308029        053338249            1966 089
P7002439486621342    08908886    1142267689        024437579            1966 089
P7002439535521089    08908886    1139098789        030742789            1967 089
P7002439551439344    08908886    1136508529        032257409            1967 089
P7002439579409146    08908886    1132250999        035125169            1967 089
P7002439614300850    08908886    1128122099        041728379            1967 089
P7002439884569513    08908886    1158583019        005744709            1968 089
P7002439907469822    08908886    1156264249        011452589            1968 089
P7002439936422324    08908886    1152010709        014352119            1968 089
P7002439953359277    08908886    1149237209        020041169            1968 089
P7002439966320110    08908886    1147379359        021148759            1968 089
P7002439990294247    08908886    1145215149        022539999            1968 089
P7002440290479611    08908886    1212030189       -002736429            1969 089
P7002440304427867    08908886    1209509809       -001316549            1969 089
P7002440323358483    08908886    1206549919        000533229            1969 089
P7002440344312198    08908886    1204140889        002224129            1969 089
P7002440629545089    08908886    1233316319       -024830289            1970 089
P7002440632538994    08908886    1233138839       -024630939            1970 089
P7002440714324052    08908886    1221434189       -013240229            1970 089
P7002440716333858    08908886    1221309359       -013123609            1970 089
P7002440727301026    08908886    1220339799       -012540809            1970 089
P7002440956648690    08908886    1252115909       -045024889            1971 089
P7002441036435214    08908886    1246067309       -041000159            1971 089
P7002441041430199    08908886    1245190569       -040458569            1971 089
P7002441057379943    08908886    1242478819       -034908169            1971 089
P7002441071306860    08908886    1240468749       -033635989            1971 089
P7002441083308616    08908886    1239189569       -032737289            1971 089
P7002441335627148    08908886    1310016959       -064242229            1972 089
P7002441369545410    08908886    1308350839       -063248979            1972 089
P7002441389507297    08908886    1306117989       -061746959            1972 089
P7002441398491145    08908886    1304527139       -060934879            1972 089
P7002441420405425    08908886    1301243999       -054810269            1972 089
P7002441441339909    08908886    1258171449       -052910329            1972 089
P7002441768465024    08908886    1322281789       -075846039            1973 089
P7002441801370907    08908886    1317159779       -072749639            1973 089
P7002441836310510    08908886    1313082029       -070352529            1973 089
P7002441837301515    08908886    1313037769       -070327829            1973 089
P7002441840300363    08908886    1312513849       -070219439            1973 089
P7002442107568225    08908886    1344042199       -100725159            1974 089
P7002442112546676    08908886    1343348169       -100433049            1974 089
P7002442126493816    08908886    1341528769       -095442419            1974 089
P7002442167387394    08908886    1335301469       -091814839            1974 089
P7002442184319346    08908886    1333030269       -090423469            1974 089
P7002442210311487    08908886    1330265999       -085001239            1974 089
P7002442451639359    08908886    1403120069       -115603129            1975 089
P7002442468600891    08908886    1402344089       -115219249            1975 089
P7002442486541825    08908886    1400553549       -114309359            1975 089
P7002442507467727    08908886    1358024429       -112725609            1975 089
P7002442542383595    08908886    1352269919       -105707729            1975 089
P7002442545358619    08908886    1352002399       -105443469            1975 089
P7002442550347217    08908886    1351172589       -105052059            1975 089
P7002442559329223    08908886    1350066829       -104434909            1975 089
P7002442794652630    08908886    1420024789       -132656789            1976 089
P7002442832598046    08908886    1420501049       -133008619            1976 089
P7002442847561244    08908886    1419465389       -132434769            1976 089
P7002442866504489    08908886    1417323269       -131303949            1976 089
P7002442897419875    08908886    1412400629       -124811019            1976 089
P7002442914326365    08908886    1409586649       -123428539            1976 089
P7002442919325637    08908886    1409146809       -123045109            1976 089
P7002443162663130    08908886    1437562869       -145656389            1977 089
P7002443197582794    08908886    1439056549       -150144029            1977 089
P7002443216513325    08908886    1437554789       -145600289            1977 089
P7002443261430534    08908886    1431385529       -142606969            1977 089
P7002443271394021    08908886    1429592279       -141814359            1977 089
P7002443288344125    08908886    1427198189       -140536489            1977 089
P7002443301300574    08908886    1425361949       -135726289            1977 089
P7002443529681102    08908886    1455520939       -162043289            1978 089
P7002443560612446    08908886    1457265269       -162702689            1978 089
P7002443611489751    08908886    1453001849       -160728419            1978 089
P7002443644409574    08908886    1447362609       -154350659            1978 089
P7002443669302406    08908886    1443553009       -152740809            1978 089
P7002443918630486    08908886    1515380949       -174439899            1979 089
P7002443983504258    08908886    1511006389       -172608889            1979 089
P7002443997431937    08908886    1508441709       -171707569            1979 089
P7002444011399086    08908886    1506222509       -170741219            1979 089
P7002444028373427    08908886    1503394929       -165648969            1979 089
P7002444039317077    08908886    1502088449       -165046059            1979 089
P7002444268669918    08908886    1532416169       -185102569            1980 089
P7002444328558154    08908886    1532470029       -185101249            1980 089
P7002444365424231    08908886    1527312929       -183227859            1980 089
P7002444367449766    08908886    1527106849       -183114579            1980 089
P7002444382389242    08908886    1524374129       -182205969            1980 089
P7002444409327346    08908886    1520316059       -180719089            1980 089
P7002444665623478    08908886    1553018659       -200035619            1981 089
P7002444693542365    08908886    1551545229       -195708729            1981 089
P7002444748390808    08908886    1543522689       -193213609            1981 089
P7002444778310031    08908886    1539110559       -191716549            1981 089
P7002445050587016    08908886    1611335269       -205607869            1982 089
P7002445061556786    08908886    1610508929       -205418689            1982 089
P7002445086481182    08908886    1607537139       -204638229            1982 089
P7002445087475984    08908886    1607448169       -204614849            1982 089
P7002445105437667    08908886    1604489429       -203826829            1982 089
P7002445130343187    08908886    1600318189       -202645389            1982 089
P7002445145324374    08908886    1558144329       -202024189            1982 089
P7002445407626401    08908886    1630441329       -214458259            1983 089
P7002445433537803    08908886    1629323569       -214231899            1983 089
P7002445447522984    08908886    1627590029       -213913969            1983 089
P7002445464463711    08908886    1625285449       -213347129            1983 089
P7002445491411838    08908886    1620493649       -212318249            1983 089
P7002445521322031    08908886    1616120749       -211229939            1983 089
P7002445794578335    08908886    1649091569       -222356869            1984 089
P7002445795583541    08908886    1649052789       -222350669            1984 089
P7002445803557749    08908886    1648274549       -222250409            1984 089
P7002445825499930    08908886    1645459539       -221821059            1984 089
P7002445827498288    08908886    1645278429       -221749789            1984 089
P7002445844442602    08908886    1642399129       -221255579            1984 089
P7002445858424714    08908886    1640119469       -220826839            1984 089
P7002445881336645    08908886    1636245549       -220118789            1984 089
P7002446148597298    08908886    1708394219       -225555129            1985 089
P7002446156588582    08908886    1708298449       -225548509            1985 089
P7002446179539779    08908886    1706472189       -225355249            1985 089
P7002446186500447    08908886    1705567689       -225255079            1985 089
P7002446223399105    08908886    1659587489       -224511339            1985 089
P7002446528593678    08908886    1727214519       -231824969            1986 089
P7002446563509906    08908886    1723526549       -231601159            1986 089
P7002446585442182    08908886    1720163769       -231300869            1986 089
P7002446593454277    08908886    1718509069       -231142879            1986 089
P7002446622340627    08908886    1714000739       -230655969            1986 089
P7002446909568299    08908886    1745315829       -233223409            1987 089
P7002446915546017    08908886    1744585569       -233217229            1987 089
P7002446943468436    08908886    1741092649       -233108389            1987 089
P7002446954448560    08908886    1739164909       -233022939            1987 089
P7002446970385650    08908886    1736265329       -232902649            1987 089
P7002446997322608    08908886    1732071849       -232634669            1987 089
P7002447294515053    08908886    1802416469       -233835509            1988 089
P7002447321467860    08908886    1758319589       -233901889            1988 089
P7002447336404855    08908886    1755531039       -233901009            1988 089
P7002447349386003    08908886    1753376059       -233849449            1988 089
P7002447350388120    08908886    1753275309       -233848429            1988 089
P7002447362339778    08908886    1751344449       -233831539            1988 089
P7002447390272034    08908886    1748279029       -233749409            1988 089
P7002447658522166    08908886    1822009719       -233614449            1989 089
P7002447663515517    08908886    1821255409       -233638379            1989 089
P7002447676490023    08908886    1819365369       -233745089            1989 089
P7002447712389701    08908886    1813268009       -234035129            1989 089
P7002447763260494    08908886    1806561969       -234212399            1989 089
P8002437396470715    08908886    1437034629       -132535639            1961 089
P8002437396488205    08908886    1437033509       -132535149            1961 089
P8002437398485725    08908886    1436518749       -132437129            1961 089
P8002437400467238    08908886    1436402939       -132339199            1961 089
P8002437424399915    08908886    1434107209       -131132979            1961 089
P8002437445376175    08908886    1432028169       -130138269            1961 089
P8002437454354210    08908886    1431146469       -125802129            1961 089
P8002437461336735    08908886    1430412669       -125536769            1961 089
P8002437729615799    08908886    1448005469       -141734389            1962 089
P8002437733604652    08908886    1447493829       -141631039            1962 089
P8002437734557269    08908886    1447464539       -141614909            1962 089
P8002437763480465    08908886    1445349209       -140506489            1962 089
P8002437789407824    08908886    1442543169       -135229669            1962 089
P8002437808352237    08908886    1440560429       -134336069            1962 089
P8002437827303444    08908886    1439147369       -133620749            1962 089
P8002437839328089    08908886    1438254869       -133302829            1962 089
P8002438085601085    08908886    1456541969       -145732869            1963 089
P8002438113554095    08908886    1455347999       -145019749            1963 089
P8002438143461318    08908886    1452504569       -143727849            1963 089
P8002438164372565    08908886    1450363369       -142732279            1963 089
P8002438818629410    08908886    1514086609       -160927309            1965 089
P8002438841544300    08908886    1513143729       -160438269            1965 089
P8002438852506040    08908886    1512274629       -160103409            1965 089
P8002438854518160    08908886    1512176269       -160019689            1965 089
P8002438855516420    08908886    1512126129       -155957549            1965 089
P8002438879462210    08908886    1509528979       -155003049            1965 089
P8002439184633780    08908886    1522506439       -164330869            1966 089
P8002439188582450    08908886    1522466789       -164302169            1966 089
P8002439212546120    08908886    1521407819       -163739809            1966 089
P8002439240465630    08908886    1519128539       -162724889            1966 089
P8002439262405338    08908886    1516508979       -161810619            1966 089
P8002439535626010    08908886    1531284949       -171639369            1967 089
P8002439574541050    08908886    1530455169       -171156809            1967 089
P8002439588531242    08908886    1529455809       -170747129            1967 089
P8002439621425304    08908886    1526286889       -165514179            1967 089
P8002439648381230    08908886    1523356909       -164455359            1967 089
P8002439941562070    08908886    1539344789       -174322849            1968 089
P8002439953524109    08908886    1538446259       -174004329            1968 089
P8002439966481616    08908886    1537359649       -173546749            1968 089
P8002439991391524    08908886    1534580659       -172624969            1968 089
P8002440023351333    08908886    1531375329       -171516959            1968 089
P8002440282624093    08908886    1549159069       -181716489            1969 089
P8002440312561844    08908886    1548121989       -181224029            1969 089
P8002440326522690    08908886    1547074929       -180827329            1969 089
P8002440354441698    08908886    1544169929       -175848029            1969 089
P8002440367418315    08908886    1542505609       -175408559            1969 089
P8002440378355174    08908886    1541399069       -175026189            1969 089
P8002440651628365    08908886    1558103369       -184521289            1970 089
P8002440687519106    08908886    1556339309       -183855589            1970 089
P8002440734388238    08908886    1551465939       -182347619            1970 089
P8002440735384114    08908886    1551399619       -182327859            1970 089
P8002440744357737    08908886    1550414569       -182036049            1970 089
P8002441048549391    08908886    1605598719       -190726169            1971 089
P8002441060509926    08908886    1605037209       -190426339            1971 089
P8002441097401616    08908886    1601123849       -185307539            1971 089
P8002441106403350    08908886    1600122549       -185020529            1971 089
P8002441118365020    08908886    1558562059       -184655919            1971 089
P8002441398582508    08908886    1615547319       -193543199            1972 089
P8002441420498571    08908886    1614409429       -193141229            1972 089
P8002441444468392    08908886    1612272869       -192521769            1972 089
P8002441454445236    08908886    1611219649       -192226119            1972 089
P8002441476356763    08908886    1608547669       -191605789            1972 089
P8002441770586293    08908886    1624477089       -195826929            1973 089
P8002441803498569    08908886    1622217629       -195139399            1973 089
P8002441836366948    08908886    1618459889       -194250719            1973 089
P8002441837377348    08908886    1618391669       -194234909            1973 089
P8002441862317434    08908886    1616029779       -193644529            1973 089
P8002442112638902    08908886    1634173089       -202207689            1974 089
P8002442126601852    08908886    1634152639       -202122169            1974 089
P8002442172485931    08908886    1631176609       -201328669            1974 089
P8002442184467205    08908886    1630015329       -201034399            1974 089
P8002442225342240    08908886    1625316079       -200103199            1974 089
P8002442486630704    08908886    1643278519       -204137099            1975 089
P8002442507550166    08908886    1642556509       -203940739            1975 089
P8002442562421092    08908886    1637571089       -202855559            1975 089
P8002442580376793    08908886    1635551239       -202503479            1975 089
P8002442604308638    08908886    1633340339       -202057069            1975 089
P8002442866596775    08908886    1652254749       -205837819            1976 089
P8002442905488746    08908886    1649453689       -205254489            1976 089
P8002442920445170    08908886    1648099669       -204959189            1976 089
P8002442937405832    08908886    1646136709       -204636749            1976 089
P8002442954350476    08908886    1644209909       -204331869            1976 089
P8002442962341728    08908886    1643325269       -204216939            1976 089
P8002443278473815    08908886    1658225249       -210844169            1977 089
P8002443290453038    08908886    1657034959       -210638939            1977 089
P8002443301403178    08908886    1655480289       -210444399            1977 089
P8002443339304109    08908886    1651505559       -205919229            1977 089
P8002443615543297    08908886    1710120669       -212742389            1978 089
P8002443621558434    08908886    1709481289       -212701509            1978 089
P8002443644466712    08908886    1707449049       -212357729            1978 089
P8002443647494709    08908886    1707256929       -212331549            1978 089
P8002443670407201    08908886    1704500369       -212007029            1978 089
P8002443686368484    08908886    1703019249       -211755589            1978 089
P8002443983538890    08908886    1719258649       -214010989            1979 089
P8002443997516598    08908886    1718233509       -213845109            1979 089
P8002444011489465    08908886    1717031069       -213707249            1979 089
P8002444028419472    08908886    1715107399       -213501819            1979 089
P8002444039408145    08908886    1713543859       -213341649            1979 089
P8002444057350695    08908886    1711540209       -213144069            1979 089
P8002444328589329    08908886    1729352669       -215213229            1980 089
P8002444368512673    08908886    1727223989       -214918149            1980 089
P8002444383477934    08908886    1725519869       -214751689            1980 089
P8002444409397241    08908886    1722542429       -214521589            1980 089
P8002444423360386    08908886    1721205089       -214411609            1980 089
P8002444442305418    08908886    1719307119       -214302059            1980 089
P8002444739516145    08908886    1736223589       -215802679            1981 089
P8002444766428707    08908886    1733266639       -215606009            1981 089
P8002444778389672    08908886    1732033309       -215517809            1981 089
P8002444806303515    08908886    1729079849       -215354899            1981 089
P8002445105502083    08908886    1745526229       -220513329            1982 089
P8002445145409674    08908886    1741278969       -220324839            1982 089
P8002445150390540    08908886    1740537449       -220314279            1982 089
P8002445177329717    08908886    1738106749       -220237419            1982 089
P8002445189278599    08908886    1737176749       -220237029            1982 089
P8002445194277097    08908886    1737001589       -220240739            1982 089
P8002445447566638    08908886    1757086689       -221102189            1983 089
P8002445464524306    08908886    1756007699       -221031459            1983 089
P8002445473490354    08908886    1755129379       -221016749            1983 089
P8002445491462772    08908886    1753197559       -220951709            1983 089
P8002445496442593    08908886    1752456949       -220946129            1983 089
P8002445527349278    08908886    1749142049       -220923829            1983 089
P8002445825526445    08908886    1805547819       -221327669            1984 089
P8002445827526678    08908886    1805460639       -221326489            1984 089
P8002445844493849    08908886    1804166839       -221320389            1984 089
P8002445858451035    08908886    1802473609       -221322319            1984 089
P8002445879397794    08908886    1800220129       -221334399            1984 089
P8002445902320984    08908886    1757523749       -221400689            1984 089
P8002445927269468    08908886    1755534949       -221444769            1984 089
P8002446179572675    08908886    1816060969       -221412269            1985 089
P8002446186560345    08908886    1815445909       -221410099            1985 089
P8002446206495358    08908886    1814131339       -221420659            1985 089
P8002446227441674    08908886    1812020549       -221452969            1985 089
P8002446292267705    08908886    1805270929       -221738249            1985 089
P8002446563523582    08908886    1824309559       -221256359            1986 089
P8002446585469885    08908886    1822292249       -221349709            1986 089
P8002446593467430    08908886    1821367379       -221416449            1986 089
P8002446622364176    08908886    1818168939       -221607769            1986 089
P8002446672247448    08908886    1814145969       -221918269            1986 089
P8002446943501332    08908886    1832506579       -221021309            1987 089
P8002446954470376    08908886    1831437849       -221108889            1987 089
P8002446970429106    08908886    1829559809       -221229789            1987 089
P8002447007357868    08908886    1825514519       -221552909            1987 089
P8002447022322463    08908886    1824361609       -221707349            1987 089
P8002447026283780    08908886    1824199989       -221725169            1987 089
P8002447294547080    08908886    1843355349       -220407129            1988 089
P8002447321492798    08908886    1841102709       -220619299            1988 089
P8002447336435156    08908886    1839298599       -220757789            1988 089
P8002447349397778    08908886    1837594539       -220929409            1988 089
P8002447350399549    08908886    1837525149       -220936669            1988 089
P8002447362364709    08908886    1836317869       -221101429            1988 089
P8002447381313195    08908886    1834401709       -221306049            1988 089
P8002447663542699    08908886    1852513349       -215651609            1989 089
P8002447682483689    08908886    1851129999       -215843369            1989 089
P8002447706414397    08908886    1848352589       -220154059            1989 089
P8002447712402860    08908886    1847534709       -220245829            1989 089
P8002447764269878    08908886    1842559179       -220926009            1989 089
P8002447783227628    08908886    1842123109       -221052599            1989 089
P8022433037754199    71107506    1253082409       -035501109            1949 711
P8022433037790299    71107506    1253079909       -035500009            1949 711
P8022433065670100    71107506    1251057809       -034302809            1949 711
P8022433085672199    71107506    1250256409       -033944509            1949 711
P8022433085695100    71107506    1250255909       -033945809            1949 711
P8022433085711800    71107506    1250255809       -033944809            1949 711
P8022439586924329    69307506    1529474509       -170705099            1967 693
P8022439590914590    69307506    1529270109       -170542209            1967 693
P8022439612835419    69307506    1527153309       -165714709            1967 693
P8022439622797220    69307506    1526090409       -165310809            1967 693
P8022439624854189    69307506    1525552509       -165220709            1967 693
P8022439653735830    69307506    1522507609       -164129509            1967 693
P8022439946924910    69307506    1539091509       -174050909            1968 693
P8022440360800689    69307506    1543240209       -175506109            1969 693
P9002420575763890    69007506     605352409       +180418899            1915 690
P9002420594667359    69007506     605597509       +180732799            1915 690
P9002422718589600    75407506     635304609       +193949909            1921 754
P9002426051555439    75407506     719534809       +215923409            1930 754
P9002426052579280    75407506     719518609       +215930909            1930 754
P9002426054333260    55107506     719494309       +215942609            1930 551
P9002426054591700    75407506     719491009       +215944509            1930 754
P9002426055420570    02407506     719481309       +215950009            1930 024
P9002426055566800    75407506     719479409       +215951409            1930 754
P9002426057305209    55107506     719460209       +220001809            1930 551
P9002426057337509    02407506     719459609       +220001909            1930 024
P9002426057384539    02907506     719459309       +220001809            1930 029
P9002426057433259    53607506     719458409       +220000409            1930 536
P9002426057454200    53607506     719459909       +220001009            1930 536
P9002426058374880    02907506     719450009       +220008199            1930 029
P9002426058445689    53607506     719448509       +220007609            1930 536
P9002426062298599    15607506     719421909       +220031309            1930 156
P9002426062361880    53607506     719421309       +220027409            1930 536
P9002426063350699    15607506     719418209       +220035209            1930 156
P9002426063612199    75407506     719417809       +220035299            1930 754
P9002426064337290    55107506     719414809       +220038509            1930 551
P9002426065299999    15607506     719412009       +220044309            1930 156
P9002426065381380    00807506     719412409       +220042309            1930 008
P9002426065634800    75407506     719412909       +220043109            1930 754
P9002426066324349    02907506     719412109       +220047609            1930 029
P9002426066360630    02407506     719411909       +220050009            1930 024
P9002426066592699    75407506     719411909       +220048109            1930 754
P9002426067304200    15607506     719411309       +220052509            1930 156
P9002426067331809    55107506     719412109       +220051509            1930 551
P9002426067332779    53607506     719410609       +220050909            1930 536
P9002426068328470    53607506     719411909       +220055409            1930 536
P9002426068330279    55107506     719412609       +220055109            1930 551
P9002426068338200    15607506     719411309       +220056409            1930 156
P9002426068577500    75407506     719413609       +220055709            1930 754
P9002426069323749    55107506     719414909       +220059509            1930 551
P9002426069344399    15607506     719414409       +220100609            1930 156
P9002426069565599    75407506     719415909       +220100409            1930 754
P9002426070462729    02907506     719418309       +220102709            1930 029
P9002426070684200    75407506     719419309       +220103409            1930 754
P9002426071645899    75407506     719423809       +220106109            1930 754
P9002426079313899    15607506     719491309       +220126609            1930 156
P9002426083325699    15607506     719552109       +220131109            1930 156
P9002426084327800    15607506     719570609       +220130909            1930 156
P9002426085578600    75407506     719593909       +220129609            1930 754
P9002426086366349    00807506     720008709       +220129609            1930 008
P9002426087332779    55107506     720028909       +220130009            1930 551
P9002426088585099    75407506     720057309       +220130009            1930 754
P9002426089355429    02907506     720074609       +220130309            1930 029
P9002426089375669    53607506     720072009       +220130409            1930 536
P9002426090297199    15607506     720095609       +220129509            1930 156
P9002426090355130    02907506     720097409       +220128409            1930 029
P9002426090404480    53607506     720097009       +220129709            1930 536
P9002426090615100    75407506     720103409       +220128209            1930 754
P9002426092335320    00807506     720147009       +220126609            1930 008
P9002426092339600    15607506     720147109       +220128909            1930 156
P9002426092409839    53607506     720149309       +220128109            1930 536
P9002426092636200    75407506     720155409       +220126709            1930 754
P9002426093331199    15607506     720172209       +220127509            1930 156
P9002426094363479    53607506     720201909       +220126009            1930 536
P9002426096361550    53607506     720258309       +220122209            1930 536
P9002426097327099    15607506     720287509       +220122009            1930 156
P9002426097616299    75407506     720297809       +220118399            1930 754
P9002426098355839    02407506     720321409       +220117809            1930 024
P9002426098381440    53607506     720321409       +220118009            1930 536
P9002426099361539    53607506     720354309       +220114809            1930 536
P9002426106344579    00807506     721003209       +220053509            1930 008
P9002426113621799    75407506     721307009       +220025609            1930 754
P9002426120617300    75407506     722038409       +215946309            1930 754
P9002426121620899    75407506     722088709       +215940299            1930 754
P9002426122620199    75407506     722139609       +215933709            1930 754
P9002426209899540    75407506     731216109       +214605609            1930 754
P9002426210898630    75407506     731271209       +214557909            1930 754
P9002426220906969    75407506     732189709       +214441409            1930 754
P9002426241868569    75407506     733426409       +214253509            1930 754
P9002426242935419    75407506     733458009       +214250509            1930 754
P9002426246638129    02907506     733562509       +214241709            1930 029
P9002426247621499    00707506     733588009       +214239409            1930 007
P9002426247901409    75407506     733595109       +214239909            1930 754
P9002426251652799    00707506     734082109       +214235299            1930 007
P9002426253672119    00807506     734122609       +214232799            1930 008
P9002426256676400    00807506     734176609       +214231209            1930 008
P9002426272586409    02907506     734303309       +214305609            1930 029
P9002426303770829    75407506     733392009       +214701509            1930 754
P9002426304614140    00407506     733366009       +214711509            1930 004
P9002426304614260    00407506     733366009       +214711509            1930 004
P9002426310466399    00407506     733164209       +214820109            1930 004
P9002426342969359    75407506     730442909       +215602709            1930 754
P9002426368753330    75407506     728254709       +220240799            1931 754
P9002426381410420    02407506     727231709       +220538209            1931 024
P9002426382432920    02407506     727185309       +220553509            1931 024
P9002426382674289    75407506     727172109       +220554009            1931 754
P9002426395311929    02907506     726251409       +220830009            1931 029
P9002426414385069    02407506     725308009       +221129609            1931 024
P9002426416387219    02407506     725269809       +221144709            1931 024
P9002426418307940    02907506     725240109       +221158709            1931 029
P9002426419315580    02907506     725224609       +221204599            1931 029
P9002426421319529    02907506     725197109       +221217809            1931 029
P9002426422313000    02907506     725185309       +221224109            1931 029
P9002426423265829    09407506     725173409       +221228109            1931 094
P9002426424258330    09407506     725164309       +221234409            1931 094
P9002426440371939    02407506     725147609       +221334509            1931 024
P9002426465600420    75407506     726057709       +221319399            1931 754
P9002426474614279    75407506     726387809       +221242109            1931 754
P9002426479624050    75407506     727001009       +221214809            1931 754
P9002426608916799    75407506     739212309       +215312409            1931 754
P9002426623880510    75407506     739560109       +215255209            1931 754
P9002426651917069    75407506     739590309       +215454409            1931 754
P9002426680707289    75407506     738399409       +220011309            1931 754
P9002426683688329    75407506     738278509       +220052109            1931 754
P9002426706439979    07307506     736379409       +220645009            1931 073
P9002426712458509    07307506     736055809       +220823709            1932 073
P9002426714450160    07307506     735547509       +220856509            1932 073
P9002426722415060    07307506     735111109       +221107309            1932 073
P9002426734672799    75407506     734051709       +221422809            1932 754
P9002426742645579    75407506     733246409       +221620109            1932 754
P9002426750516040    02907506     732475609       +221810609            1932 029
P9002426753409169    02907506     732348109       +221849209            1932 029
P9002426978940359    75407506     745130409       +220247009            1932 754
P9002427013973619    75407506     745464009       +220423209            1932 754
P9002427063458819    02907506     743090509       +221456009            1932 029
P9002427068381459    02907506     742439909       +221620399            1932 029
P9002427121675689    75407506     738083809       +223037509            1933 754
P9002427126644210    75407506     737484409       +223138799            1933 754
P9002427153408470    02907506     736372809       +223533299            1933 029
P9002427156400280    02907506     736335409       +223549009            1933 029
P9002427176367500    02907506     736334609       +223638609            1933 029
P9002427177362710    02907506     736345209       +223638509            1933 029
P9002427177406320    02907506     736346009       +223638209            1933 029
P9002427362959369    75407506     751327599       +221204409            1933 754
P9002427363915430    75407506     751335609       +221207409            1933 754
P9002427478700060    75407506     744369409       +223912309            1934 754
P9002427481660649    75407506     744230109       +223955809            1934 754
P9002427888578900    75407506     748093009       +225641109            1935 754
P9002427890611479    75407506     748071209       +225648409            1935 754
P9002427899611570    75407506     748027509       +225711809            1935 754
P9002428161150700    38807506     800536309       +224245309            1935 388
P9002428209350070    02907506     756349609       +225806309            1936 029
P9002428213635900    75407506     756141409       +225916209            1936 754
P9002428218549500    75407506     755514309       +230030409            1936 754
P9002428483859339    75407506     809192909       +223831109            1936 754
P9002428546745180    75407506     805139309       +225731609            1937 754
P9002428569606910    75407506     803079609       +230501909            1937 754
P9002428599671370    75407506     800542609       +231218009            1937 754
P9002428634333300    00407506     759567809       +231515109            1937 004
P9002428646377799    00407506     800066009       +231445809            1937 004
P9002428646402799    00407506     800066309       +231445909            1937 004
P9002428647409700    00407506     800082109       +231442109            1937 004
P9002428648379900    00407506     800097709       +231437409            1937 004
P9002428653365300    00407506     800194609       +231410909            1937 004
P9002428926439580    02907506     810064909       +230946809            1938 029
P9002428931303470    02807506     809398309       +231124609            1938 028
P9002428949422780    02907506     808073009       +231642809            1938 029
P9002428950342360    02807506     808032809       +231656409            1938 028
P9002428950440140    02907506     808026109       +231658409            1938 029
P9002428953391040    02907506     807494509       +231743209            1938 029
P9002428953421600    04507506     807492309       +231744809            1938 045
P9002428954386179    02907506     807450609       +231756909            1938 029
P9002428955388300    04507506     807407409       +231812509            1938 045
P9002428957339999    04507506     807326009       +231838799            1938 045
P9002428963367999    04507506     807092809       +231952709            1938 045
P9002428963378000    04507506     807093909       +231951409            1938 045
P9002429008346899    04507506     806054409       +232249509            1938 045
P9002429578924060    75407506     827591109       +225449509            1939 754
P9002429580908849    75407506     827576209       +225514509            1939 754
P9002429670601309    75407506     821355309       +232645509            1940 754
P9002429718377799    04507506     818388609       +233619609            1940 045
P9002429721358700    04507506     818347609       +233626009            1940 045
P9002429722327800    04507506     818336209       +233627409            1940 045
P9002429727320999    04507506     818291609       +233632299            1940 045
P9002430316740650    75407506     840477209       +230253209            1941 754
P9002430317783960    75407506     840465009       +230310199            1941 754
P9002430342702800    75407506     839442309       +231127209            1941 754
P9002430349783919    75407506     839160209       +231419509            1941 754
P9002430372665750    75407506     837226209       +232407109            1942 754
P9002430374641999    75407506     837116509       +232458909            1942 754
P9002430375676310    75407506     837059409       +232525309            1942 754
P9002430376658170    75407506     837005409       +232550509            1942 754
P9002430381712410    75407506     836320209       +232759909            1942 754
P9002430402636500    75407506     834347509       +233607709            1942 754
P9002430404626329    75407506     834241909       +233649009            1942 754
P9002430408569980    75407506     834036209       +233806709            1942 754
P9002430410647450    75407506     833529909       +233845209            1942 754
P9002430428785099    75407506     832321109       +234325409            1942 754
P9002430437678470    75407506     832018209       +234456309            1942 754
P9002430440702990    75407506     831531309       +234519809            1942 754
P9002430453633349    75407506     831264409       +234618309            1942 754
P9002430460639529    75407506     831194109       +234620309            1942 754
P9002430462605090    75407506     831184309       +234616809            1942 754
P9002430464615449    75407506     831178109       +234612509            1942 754
P9002430487638960    75407506     831427009       +234327809            1942 754
P9002430488619620    75407506     831450709       +234316809            1942 754
P9002430498601079    75407506     832145109       +234105409            1942 754
P9002430763592819    75407506     841414909       +233728109            1943 754
P9002430788624119    75407506     839347809       +234529109            1943 754
P9002430866610210    75407506     838531809       +234336299            1943 754
P9002431107568829    75407506     850314509       +232953009            1944 754
P9002431110604689    75407506     850146209       +233116709            1944 754
P9002431111549360    75407506     850093609       +233142809            1944 754
P9002431113580349    75407506     849577909       +233238799            1944 754
P9002431137580579    75407506     847428009       +234234509            1944 754
P9002431193378399    04507506     844338409       +235214209            1944 045
P9002431487569019    75407506     856033709       +233705609            1945 754
P9002431524619309    75407506     852506609       +235009809            1945 754
P9002431744863169    75407506     906554309       +225832509            1945 754
P9002431879733010    75407506     900363009       +234723809            1946 754
P9002431882558869    75407506     900223609       +234817009            1946 754
P9002431899601400    75407506     859102609       +235221009            1946 754
P9002432158927949    75407506     914275109       +230550709            1946 754
P9002432176988299    75407506     913364509       +231347809            1946 754
P9002432202555040    01207506     911379009       +232653409            1947 012
P9002432202730930    75407506     911369309       +232657609            1947 754
P9002432207791989    75407506     911091609       +232935009            1947 754
P9002432209547569    01207506     910593009       +233028909            1947 012
P9002432236629730    75407506     908255709       +234304209            1947 754
P9002432238387229    00807506     908159409       +234343709            1947 008
P9002432239429849    00807506     908103309       +234407709            1947 008
P9002432244369039    00807506     907444209       +234555009            1947 008
P9002432256324140    00807506     906472709       +234930309            1947 008
P9002432257324560    00807506     906429209       +234945309            1947 008
P9002432500968369    75407506     921419109       +225452009            1947 754
P9002432528911539    75407506     921236309       +230358509            1947 754
P9002432539843770    75407506     920531909       +230858709            1947 754
P9002432557792249    75407506     919399809       +231814309            1948 754
P9002432564705010    75407506     919055809       +232159209            1948 754
P9002432582452529    00807506     917278109       +233123309            1948 008
P9002432587725229    75407506     916574009       +233401509            1948 754
P9002432591444130    00807506     916359009       +233549309            1948 008
P9002432619516179    00407506     914059109       +234644709            1948 004
P9002432628427259    00807506     913270209       +234856109            1948 008
P9002432970420650    00707506     922351509       +233800109            1949 007
P9002433006393699    00707506     919550809       +234741409            1949 007
P9002433008408999    00707506     919491309       +234753909            1949 007
P9002433303538670    01207506     933002309       +231613309            1950 012
P9002433379372829    00707506     926508309       +234348409            1950 007
P9002433380373920    00707506     926484109       +234351309            1950 007
P9002433573943959    75407506     942057609       +223352409            1950 754
P9002434450362639    05507506     950571509       +231649709            1953 055
P9002434451391700    05507506     950520609       +231712209            1953 055
P9002435127520800    05507506    1011287909       +222332609            1955 055
P9002435551464999    05507506    1014024409       +224152509            1956 055
P9002435572328430    05507506    1012331109       +224642409            1956 055
P9002435901481596    05607506    1023282609       +221935109            1957 056
P9002435904357638    05607506    1023118909       +222103009            1957 056
P9002435905465278    05607506    1023055909       +222135509            1957 056
P9002436276354919    00807506    1030419509       +220650109            1958 008
P9002436284391530    00807506    1029589609       +221007309            1958 008
P9002436287379559    00807506    1029438809       +221109809            1958 008
P9002436580605899    05607506    1044121709       +210744109            1959 056
P9002436599390680    05607506    1042521409       +212107309            1959 056
P9002436602663339    05607506    1042355109       +212329009            1959 056
P9002436673436449    05607506    1036243409       +215709509            1959 056
P9002436697423959    05607506    1035287209       +215547109            1959 056
P9002436697439350    05607506    1035286809       +215546809            1959 056
P9002436698430559    05607506    1035277409       +215534409            1959 056
P9002436996423200    00807506    1048119109       +212118899            1960 008
P9002436997404529    00807506    1048061209       +212153909            1960 008
P9002437016500405    05607506    1046185809       +213123009            1960 056
P9002437020500405    05607506    1045579009       +213251909            1960 056
P9002437023841930    68907503    1045412309       +213359009            1960 689
P9002437025873809    68907503    1045314009       +213434509            1960 689
P9002437051450693    05607506    1043571009       +213730709            1960 056
P9002437069382639    05607506    1043299709       +213430509            1960 056
P9002437260500405    05607506    1100468609       +195759709            1960 056
P9002437343569536    50307506    1058175809       +204612809            1961 503
P9002437343618553    50307506    1058173009       +204614509            1961 503
P9002437349597002    50307506    1057439009       +205030709            1961 503
P9002437349617812    50307506    1057437509       +205031309            1961 503
P9002437372480798    50307506    1055309909       +210441509            1961 503
P9002437372502371    50307506    1055308709       +210441909            1961 503
P9002437374478957    50307506    1055195809       +210542509            1961 503
P9002437374495995    50307506    1055194809       +210543409            1961 503
P9002437699701040    05607506    1107296109       +201417709            1962 056
P9002437724502429    05607506    1105141009       +203216809            1962 056
P9002437964932289    75407506    1114579009       +190715609            1962 754
P9002437965939580    75407506    1115038809       +190702709            1962 754
P9002437968956939    75407506    1115213709       +190634109            1962 754
P9002437975941320    75407506    1115587709       +190548009            1962 754
P9002437993944099    75407506    1117123409       +190657309            1962 754
P9002437996978469    75407506    1117212709       +190735209            1962 754
P9002438055990280    75407506    1116367609       +194018109            1963 754
P9002438058978819    75407506    1116244609       +194238799            1963 754
P9002438060812150    75407506    1116165209       +194403309            1963 754
P9002438086599309    75407506    1114027809       +200328909            1963 754
P9002438102602429    75407506    1112292209       +201346109            1963 754
P9002438103636460    75407506    1112231809       +201422609            1963 754
P9002438106821880    75407506    1112046809       +201605909            1963 754
P9002438110606939    75407506    1111431009       +201803309            1963 754
P9002438116864579    75407506    1111083509       +202053409            1963 754
P9002438193645829    75407506    1108252709       +201311709            1963 754
P9002438194639190    75407506    1108273409       +201237799            1963 754
P9002438195636810    75407506    1108295909       +201201209            1963 754
P9002438197631250    75407506    1108342809       +201050609            1963 754
P9002438201636109    75407506    1108451209       +200817899            1963 754
P9002438496749979    68907503    1118270209       +195800309            1964 689
P9002438497831189    68907503    1118219909       +195816509            1964 689
P9002438815967410    68907503    1131221209       +190327509            1965 689
P9002438851763439    68907503    1127561009       +192458309            1965 689
P9002439094968059    75907506    1142230609       +173707309            1965 759
P9002439094976389    75907506    1142231309       +173706409            1965 759
P9002439094983330    75907506    1142231609       +173707309            1965 759
P9002439478971530    75907506    1151359809       +170845809            1966 759
P9002439499970139    69307506    1151379009       +172020809            1967 693
P9002439500965220    69307506    1151366509       +172100409            1967 693
P9002439501972850    69307506    1151353109       +172141009            1967 693
P9002439529881940    75907506    1150125509       +174259109            1967 759
P9002439529906250    75907506    1150123809       +174300209            1967 759
P9002439916774650    75907506    1157141709       +172346209            1968 759
P9002439916854509    75907506    1157137509       +172349209            1968 759
P9002439917790279    75907506    1157085309       +172433109            1968 759
P9002440322524999    50007506    1202155709       +171019109            1969 500
P9002440328426400    50007506    1201444709       +171220209            1969 500
P9002440329522900    50007506    1201389209       +171238909            1969 500
P9002440333635790    69307506    1201188209       +171341809            1969 693
P9002440625479900    50007506    1216451009       +154723509            1970 500
P9002440626453499    50007506    1216414809       +154811509            1970 500
P9002440628481900    50007506    1216336009       +154951509            1970 500
P9002440629609000    50007506    1216290509       +155047409            1970 500
P9002440675495099    50007506    1212229009       +162458609            1970 500
P9002440681752780    75907506    1211464809       +162817009            1970 759
P9002440682539599    50007506    1211419609       +162839799            1970 500
P9002440688543699    50007506    1211082009       +163117709            1970 500
P9002440703375700    50007506    1209525309       +163536009            1970 500
P9002440706475699    50007506    1209384609       +163605609            1970 500
P9002440708359000    50007506    1209302909       +163618809            1970 500
P9002440730381899    50007506    1208187009       +163449309            1970 500
P9002440733363900    50007506    1208127709       +163403309            1970 500
P9002440738400700    50007506    1208049609       +163227609            1970 500
P9002441004592399    50007506    1224439909       +151647109            1971 500
P9002441040573599    50007506    1221245809       +154323009            1971 500
P9002441055386799    50007506    1219590409       +155046509            1971 500
P9002441060481900    50007506    1219313909       +155238299            1971 500
P9002441062464600    50007506    1219209609       +155316109            1971 500
P9002441062567400    50007506    1219203909       +155317509            1971 500
P9002441067421500    50007506    1218558609       +155434799            1971 500
P9002441067442400    50007506    1218557609       +155435109            1971 500
P9002441084350699    50007506    1217437809       +155610199            1971 500
P9002441084370800    50007506    1217437109       +155610009            1971 500
P9002441086432599    50007506    1217366509       +155603209            1971 500
P9002441087363200    50007506    1217335909       +155558909            1971 500
P9002441088399999    50007506    1217302509       +155552809            1971 500
P9002441089425700    50007506    1217270609       +155546109            1971 500
P9002441093372200    50007506    1217157509       +155511309            1971 500
P9002441093627429    75907506    1217151509       +155508409            1971 759
P9002441099475699    50007506    1217015809       +155348709            1971 500
P9002441115391700    50007506    1216440409       +154739109            1971 500
P9002441123397900    50007506    1216463509       +154316209            1971 500
P9002441127610760    75907506    1216505809       +154037409            1971 759
P9002441363605599    50007506    1234109309       +142748709            1972 500
P9002441369592399    50007506    1233456109       +143248209            1972 500
P9002441391529899    50007506    1231517709       +145021409            1972 500
P9002441391791670    75907506    1231503009       +145033009            1972 759
P9002441397515300    50007506    1231170609       +145440299            1972 500
P9002441413393099    50007506    1229431209       +150424609            1972 500
P9002441426686809    75907506    1228278709       +151010009            1972 759
P9002441437336800    50007506    1227335809       +151258009            1972 500
P9002441476375000    50007506    1225359809       +150807909            1972 500
P9002441476448599    50007506    1225359109       +150805809            1972 500
P9002441482395099    50007506    1225322909       +150521009            1972 500
P9002441743446529    50007506    1242078909       +135428509            1973 500
P9002441747797919    75907506    1241457509       +135800709            1973 759
P9002441751611099    50007506    1241253609       +140102409            1973 500
P9002441777530600    50007506    1238547809       +141852609            1973 500
P9002441794384699    50007506    1237183909       +142626509            1973 500
P9002441811417359    50007506    1235549909       +142954709            1973 500
P9002441827450689    50007506    1234577109       +142859709            1973 500
P9002442045609000    50007506    1252491709       +122334709            1973 500
P9002442068594399    50007506    1253085709       +123551409            1974 500
P9002442071533299    50007506    1253062109       +123750509            1974 500
P9002442076543099    50007506    1252597209       +124125509            1974 500
P9002442120488200    50007506    1250120909       +131650009            1974 500
P9002442128463899    50007506    1249267909       +132249909            1974 500
P9002442177396499    50007506    1244546209       +134409199            1974 500
P9002442183354900    50007506    1244296409       +134423609            1974 500
P9002442190413900    50007506    1244041009       +134355709            1974 500
P9002442193422900    50007506    1243546009       +134329209            1974 500
P9002442194497200    50007506    1243515109       +134317709            1974 500
P9002442396537800    50007506    1300491809       +113215909            1974 500
P9002442399562799    50007506    1301016709       +113247909            1974 500
P9002442400583300    50007506    1301056109       +113259209            1974 500
P9002442402641700    50007506    1301133009       +113326709            1974 500
P9002442426502799    50007506    1302042109       +114307009            1975 500
P9002442427528500    50007506    1302047409       +114342209            1975 500
P9002442450486099    50007506    1301429609       +115927309            1975 500
P9002442452524300    50007506    1301379409       +120103409            1975 500
P9002442461600000    50007506    1301101909       +120822609            1975 500
P9002442486435940    50007506    1259164809       +122842009            1975 500
P9002442486439929    50007506    1259164709       +122842209            1975 500
P9002442511363900    50007506    1256512309       +124546009            1975 500
P9002442514526399    50007506    1256323809       +124728709            1975 500
P9002442519453499    50007506    1256033509       +124953909            1975 500
P9002442535386799    50007506    1254352909       +125523909            1975 500
P9002442535402100    50007506    1254352009       +125524509            1975 500
P9002442538390600    50007506    1254201409       +125600909            1975 500
P9002442538413499    50007506    1254200409       +125601009            1975 500
P9002442541408299    50007506    1254055609       +125629309            1975 500
P9002442541422199    50007506    1254054909       +125629309            1975 500
P9002442545432299    50007506    1253471309       +125654009            1975 500
P9002442550447900    50007506    1253259509       +125702209            1975 500
P9002442550459700    50007506    1253259209       +125702009            1975 500
P9002442568373600    50007506    1252294409       +125416609            1975 500
P9002442568387200    50007506    1252294009       +125416609            1975 500
P9002442577370099    50007506    1252138109       +125101909            1975 500
P9002442577384000    50007506    1252138009       +125101409            1975 500
P9002442596413900    50007506    1252117009       +124025309            1975 500
P9002442596428499    50007506    1252117009       +124024709            1975 500
P9002442786583300    50007506    1310532809       +105055109            1976 500
P9002442786599299    50007506    1310532909       +105055709            1976 500
P9002442787604199    50007506    1310548609       +105124409            1976 500
P9002442787620099    50007506    1310548609       +105124709            1976 500
P9002442804527799    50007506    1311012409       +110116109            1976 500
P9002442816606900    50007506    1310438409       +111000209            1976 500
P9002442816622200    50007506    1310438109       +111001209            1976 500
P9002442829458999    50007506    1310068409       +112014309            1976 500
P9002442829475000    50007506    1310067809       +112015609            1976 500
P9002442834502799    50007506    1309477009       +112423309            1976 500
P9002442834518099    50007506    1309476309       +112424209            1976 500
P9002442836504900    50007506    1309394409       +112602709            1976 500
P9002442836520800    50007506    1309393809       +112603509            1976 500
P9002442838513199    50007506    1309307909       +112742509            1976 500
P9002442838528500    50007506    1309307309       +112743309            1976 500
P9002442863519400    50007506    1307202709       +114717509            1976 500
P9002442863535399    50007506    1307201809       +114717209            1976 500
P9002442867413900    50007506    1306573509       +114959409            1976 500
P9002442867431299    50007506    1306572309       +115000009            1976 500
P9002442869469399    50007506    1306451209       +115122009            1976 500
P9002442871545799    50007506    1306327109       +115241609            1976 500
P9002442871559700    50007506    1306326409       +115242409            1976 500
P9002442899475000    50007506    1303502109       +120540009            1976 500
P9002442899487499    50007506    1303501509       +120539799            1976 500
P9002442901418800    50007506    1303398909       +120609509            1976 500
P9002442901433999    50007506    1303398209       +120609809            1976 500
P9002442903543800    50007506    1303288709       +120638509            1976 500
P9002442903557599    50007506    1303287809       +120638709            1976 500
P9002442905568800    50007506    1303186809       +120701909            1976 500
P9002442905584700    50007506    1303186209       +120702409            1976 500
P9002442922489599    50007506    1302051509       +120745509            1976 500
P9002442922504900    50007506    1302050909       +120745109            1976 500
P9002442926430600    50007506    1301515109       +120715709            1976 500
P9002443200570100    50007506    1318533409       +103312809            1977 500
P9002443216524300    50007506    1317403909       +104610409            1977 500
P9002443226543800    50007506    1316458809       +105351709            1977 500
P9002443245351499    50007506    1314545609       +110609609            1977 500
P9002443246375080    50007506    1314484009       +110644209            1977 500
P9002443246479900    50007506    1314477509       +110647109            1977 500
P9002443248376550    50007506    1314364409       +110746809            1977 500
P9002443250488200    50007506    1314237409       +110851809            1977 500
P9002443251413360    50007506    1314183209       +110918809            1977 500
P9002443252448739    50007506    1314121409       +110948309            1977 500
P9002443255515999    50007506    1313539909       +111111109            1977 500
P9002443259546500    50007506    1313306909       +111247209            1977 500
P9002443272473079    50007506    1312208009       +111621309            1977 500
P9002443281420890    50007506    1311383009       +111719709            1977 500
P9002443281431419    50007506    1311382709       +111719709            1977 500
P9002443281452490    50007506    1311381709       +111719709            1977 500
P9002443281467769    50007506    1311381009       +111719899            1977 500
P9002443282423090    50007506    1311339309       +111721509            1977 500
P9002443282435130    50007506    1311338809       +111721709            1977 500
P9002443516585400    50007506    1328441309       +090738909            1978 500
P9002443544529200    50007506    1328577909       +092331709            1978 500
P9002443555470799    50007506    1328364709       +093141509            1978 500
P9002443626484430    50007506    1322354509       +102035799            1978 500
P9002443626489529    50007506    1322354109       +102035609            1978 500
P9002443631416439    50007506    1322075309       +102215209            1978 500
P9002443631421639    50007506    1322075109       +102215009            1978 500
P9002443631437500    50007506    1322074109       +102215009            1978 500
P9002443631437839    50007506    1322074109       +102215609            1978 500
P9002443631442249    50007506    1322073909       +102215209            1978 500
P9002443631474299    50007506    1322071709       +102215809            1978 500
P9002443657389419    50007506    1320047709       +102449209            1978 500
P9002443657413199    50007506    1320046309       +102448509            1978 500
P9002443661434580    50007506    1319505509       +102415409            1978 500
P9002443663397900    50007506    1319442109       +102352709            1978 500
P9002443666456300    50007506    1319351709       +102312409            1978 500
P9002443688378109    50007506    1319004509       +101409309            1978 500
P9002443903531299    50007506    1338081099       +082512409            1979 500
P9002443905527100    50007506    1338074509       +082628409            1979 500
P9002443926520800    50007506    1337307809       +084142609            1979 500
P9002443932538199    50007506    1337110209       +084628309            1979 500
P9002443951416970    50007506    1335472809       +090129309            1979 500
P9002443960463200    50007506    1334581409       +090817899            1979 500
P9002443963565299    50007506    1334403809       +091030909            1979 500
P9002443966519400    50007506    1334231509       +091233209            1979 500
P9002443966533999    50007506    1334230609       +091233799            1979 500
P9002443986486800    50007506    1332231309       +092404709            1979 500
P9002444013444399    50007506    1329557009       +093122909            1979 500
P9002444015400820    50007506    1329467309       +093129409            1979 500
P9002444017517700    50007506    1329372009       +093131509            1979 500
P9002444017534399    50007506    1329371609       +093131509            1979 500
P9002444022444389    50007506    1329167809       +093120509            1979 500
P9002444022448299    50007506    1329166609       +093120809            1979 500
P9002444022468619    50007506    1329166309       +093121309            1979 500
P9002444025449700    50007506    1329052109       +093103009            1979 500
P9002444039401430    50007506    1328237009       +092749209            1979 500
P9002444039420100    50007506    1328236009       +092748409            1979 500
P9002444039430519    50007506    1328236809       +092747409            1979 500
P9002444259031940    66207506    1347068709       +072439409            1980 662
P9002444259061459    66207506    1347069009       +072440299            1980 662
P9002444260036809    66207506    1347081899       +072509309            1980 662
P9002444282501399    50007506    1347035609       +073904709            1980 500
P9002444287524300    50007506    1346538509       +074245209            1980 500
P9002444337426099    50007506    1343090109       +082019209            1980 500
P9002444342824120    68907503    1342365409       +082336509            1980 689
P9002444342828369    68907503    1342365109       +082336509            1980 689
P9002444342832599    68907503    1342364809       +082336509            1980 689
P9002444348419600    50007506    1342025409       +082641709            1980 500
P9002444351419040    50007506    1341443009       +082812409            1980 500
P9002444352415719    50007506    1341382809       +082840299            1980 500
P9002444372444099    50007506    1339433609       +083522409            1980 500
P9002444381612079    50007506    1338575909       +083628909            1980 500
P9002444381616930    50007506    1338575709       +083629109            1980 500
P9002444381622469    50007506    1338575509       +083629009            1980 500
P9002444381628010    50007506    1338575109       +083628809            1980 500
P9002444382586649    50007506    1338530709       +083631309            1980 500
P9002444382592019    50007506    1338530409       +083631509            1980 500
P9002444382597560    50007506    1338530309       +083631209            1980 500
P9002444382602760    50007506    1338530209       +083631509            1980 500
P9002444382608649    50007506    1338529809       +083631509            1980 500
P9002444382614190    50007506    1338529409       +083631209            1980 500
P9002444383590330    50007506    1338484909       +083632609            1980 500
P9002444383593799    50007506    1338484809       +083632509            1980 500
P9002444383597260    50007506    1338484609       +083632799            1980 500
P9002444383600719    50007506    1338484409       +083632509            1980 500
P9002444389508510    50007506    1338230809       +083622309            1980 500
P9002444389512660    50007506    1338230909       +083622509            1980 500
P9002444389516820    50007506    1338230909       +083622209            1980 500
P9002444389521000    50007506    1338230809       +083621909            1980 500
P9002444389526500    50007506    1338231909       +083622909            1980 500
P9002444389530660    50007506    1338231909       +083622809            1980 500
P9002444389534810    50007506    1338231609       +083622209            1980 500
P9002444389538970    50007506    1338231009       +083622209            1980 500
P9002444391578879    50007506    1338151309       +083611109            1980 500
P9002444391583839    50007506    1338151009       +083611209            1980 500
P9002444391588580    50007506    1338150909       +083611509            1980 500
P9002444391593429    50007506    1338150809       +083611209            1980 500
P9002444392403010    50007506    1338118909       +083605099            1980 500
P9002444394438399    50007506    1338044009       +083547909            1980 500
P9002444395450209    50007506    1338008709       +083537799            1980 500
P9002444396419439    50007506    1337575809       +083528409            1980 500
P9002444641504199    50007506    1356206309       +063819899            1981 500
P9002444672785420    75907506    1355049809       +070118009            1981 759
P9002444673795830    75907506    1355008009       +070205009            1981 759
P9002444702453499    50007506    1352314409       +072304409            1981 500
P9002444723429659    50007506    1350245409       +073420709            1981 500
P9002444724436980    50007506    1350185409       +073445909            1981 500
P9002444729411220    50007506    1349491309       +073635709            1981 500
P9002444753421519    50007506    1347445509       +074022109            1981 500
P9002444756438899    50007506    1347317509       +074012409            1981 500
P9002445051878469    66207506    1403211009       +061350609            1982 662
P9002445051903469    66207506    1403209409       +061352009            1982 662
P9002445053532120    50007506    1403125909       +061504309            1982 500
P9002445080479179    50007506    1400367809       +063230709            1982 500
P9002445086430949    50007506    1400003909       +063528409            1982 500
P9002445115401630    50007506    1357177609       +064303609            1982 500
P9002445381797199    50007506    1414357109       +044910309            1983 500
P9002445382845799    50007506    1414344009       +044952509            1983 500
P9002445383605599    50007506    1414333509       +045023009            1983 500
P9002445385989579    66207506    1414295509       +045200209            1983 662
P9002445388792400    50007506    1414242709       +045358409            1983 500
P9002445388815299    50007506    1414242209       +045359009            1983 500
P9002445389806299    50007506    1414221209       +045441509            1983 500
P9002445389821500    50007506    1414220809       +045442009            1983 500
P9002445399481900    50007506    1413556409       +050144609            1983 500
P9002445403516700    50007506    1413415909       +050445509            1983 500
P9002445424833740    68907503    1412029509       +052028809            1983 689
P9002445426838219    68907503    1411519809       +052152409            1983 689
P9002445467647599    50007506    1407483409       +054234609            1983 500
P9002445490418399    50007506    1405522509       +054451009            1983 500
P9002445494427800    50007506    1405358409       +054426009            1983 500
P9002445501469399    50007506    1405106809       +054307809            1983 500
P9002445531495099    50007506    1404239109       +052937299            1983 500
P9002445531507999    50007506    1404239109       +052936709            1983 500
P9002445532503800    50007506    1404241909       +052857809            1983 500
P9002445768511099    50007506    1423017509       +040512309            1984 500
P9002445814471499    50007506    1419036809       +043550209            1984 500
P9002446101805209    50007506    1433020299       +024508809            1985 500
P9002446101839929    50007506    1433020509       +024509909            1985 500
P9002446101874650    50007506    1433020709       +024511009            1985 500
P9002446102796990    50007506    1433026609       +024539909            1985 500
P9002446102838659    50007506    1433026909       +024541009            1985 500
P9002446102880319    50007506    1433027309       +024542109            1985 500
P9002446103792359    50007506    1433032709       +024610709            1985 500
P9002446103834030    50007506    1433032909       +024612009            1985 500
P9002446103875690    50007506    1433033009       +024613509            1985 500
P9002446105781250    50007506    1433040109       +024715609            1985 500
P9002446105822920    50007506    1433040109       +024717009            1985 500
P9002446105864579    50007506    1433040109       +024718209            1985 500
P9002446106799300    50007506    1433042109       +024749009            1985 500
P9002446106837499    50007506    1433042109       +024750309            1985 500
P9002446106875690    50007506    1433042209       +024751709            1985 500
P9002446107784030    50007506    1433042509       +024822509            1985 500
P9002446107825689    50007506    1433042409       +024824009            1985 500
P9002446107867360    50007506    1433042409       +024825309            1985 500
P9002446108789580    50007506    1433041509       +024856809            1985 500
P9002446108832640    50007506    1433041609       +024858009            1985 500
P9002446108875690    50007506    1433041709       +024859609            1985 500
P9002446109761109    50007506    1433039509       +024930709            1985 500
P9002446109802780    50007506    1433039409       +024932109            1985 500
P9002446109844440    50007506    1433039309       +024933409            1985 500
P9002446110772220    50007506    1433036109       +025006109            1985 500
P9002446110813889    50007506    1433036009       +025007709            1985 500
P9002446110855560    50007506    1433035809       +025009309            1985 500
P9002446111810419    50007506    1433031209       +025043609            1985 500
P9002446111840969    50007506    1433031009       +025044709            1985 500
P9002446111871530    50007506    1433030809       +025045809            1985 500
P9002446121565299    50007506    1432516709       +025655809            1985 500
P9002446144845139    66207506    1431393209       +031315809            1985 662
P9002446145845830    66207506    1431349609       +031358709            1985 662
P9002446168508299    50007506    1429364309       +032916609            1985 500
P9002446170456300    50007506    1429249409       +033027409            1985 500
P9002446194729859    66207506    1426562209       +034206809            1985 662
P9002446196834030    66207506    1426434809       +034248609            1985 662
P9002446196859720    66207506    1426433109       +034249209            1985 662
P9002446832601400    50007506    1451218109       +004633799            1987 500
P9002446907505200    50007506    1447360209       +013225909            1987 500
P9002446938484699    50007506    1444256909       +014422309            1987 500
P9002446947608419    80807506    1443344509       +014540609            1987 808
P9002446948493799    50007506    1443296509       +014544409            1987 500
P9002446968509519    80807506    1441587009       +014417399            1987 808
P9002446974547160    80807506    1441384409       +014246509            1987 808
P9002446977387500    50007506    1441301509       +014152509            1987 500
P9002447210548599    50007506    1500412209       -000657009            1988 500
P9002447238872800    50007506    1459492609       +001012709            1988 500
P9002447242802399    50007506    1459346709       +001247109            1988 500
P9002447242832299    50007506    1459345809       +001248109            1988 500
P9002447248793399    50007506    1459095009       +001641309            1988 500
P9002447248824700    50007506    1459094109       +001642409            1988 500
P9002447248853800    50007506    1459092609       +001643709            1988 500
P9002447260468799    50007506    1458117709       +002402909            1988 500
P9002447262717699    50007506    1457596109       +002526609            1988 500
P9002447264735299    50007506    1457483709       +002638209            1988 500
P9002447267500000    50007506    1457325099       +002814209            1988 500
P9002447318720100    50007506    1452262509       +004503309            1988 500
P9002447321457599    50007506    1452123309       +004502509            1988 500
P9002447350382600    50007506    1450265709       +003852409            1988 500
P9002447573774943    50007506    1509531359       -010751209            1989 500
P9002447584744888    50007506    1509509999       -010210619            1989 500
P9002447591725666    50007506    1509414799       -005809579            1989 500
P9002447592722914    50007506    1509396059       -005733999            1989 500
P9002447596839600    50007506    1509306009       -005504909            1989 500
P9002447598706375    50007506    1509258469       -005356559            1989 500
P9002447601698088    50007506    1509173919       -005205679            1989 500
P9002447602820799    50007506    1509139509       -005123109            1989 500
P9002447603869400    50007506    1509106009       -005043609            1989 500
P9002447615659264    50007506    1508252619       -004320139            1989 500
P9002447620645345    50007506    1508020259       -004013949            1989 500
P9002447620748600    50007506    1508015609       -004009909            1989 500
P9002447626793800    50007506    1507307509       -003630609            1989 500
P9002447630617442    50007506    1507099659       -003417309            1989 500
P9002447630832599    50007506    1507087909       -003409609            1989 500
P9002447633609058    50007506    1506530939       -003236139            1989 500
P9002447634606261    50007506    1506473569       -003202769            1989 500
P9002447647569866    50007506    1505292009       -002529739            1989 500
P9002447648567063    50007506    1505230029       -002502659            1989 500
P9002447651558656    50007506    1505042459       -002344669            1989 500
P9002447654550247    50007506    1504454149       -002232199            1989 500
P9002447655463899    50007506    1504396309       -002211409            1989 500
P9002447655703499    50007506    1504381509       -002205509            1989 500
P9002447656544641    50007506    1504328389       -002147199            1989 500
P9002447661530629    50007506    1504015979       -002004789            1989 500
P9002447671502619    50007506    1503003629       -001730229            1989 500
P9002447673497022    50007506    1502484819       -001708079            1989 500
P9002447675495800    50007506    1502367009       -001648809            1989 500
P9002447676672199    50007506    1502299409       -001638609            1989 500
P9002447680477446    50007506    1502083839       -001613949            1989 500
P9002447680621499    50007506    1502076009       -001612709            1989 500
P9002447681474653    50007506    1502029069       -001609139            1989 500
P9002447682471859    50007506    1501574279       -001605599            1989 500
P9002447683469066    50007506    1501520349       -001602229            1989 500
P9002447685463483    50007506    1501414389       -001558009            1989 500
P9002447685636799    50007506    1501405209       -001557609            1989 500
P9002447686460692    50007506    1501362489       -001557159            1989 500
P9002447686666000    50007506    1501351809       -001557009            1989 500
P9002447689452326    50007506    1501211119       -001559849            1989 500
P9002447693441182    50007506    1501019649       -001613529            1989 500
P9002447694438399    50007506    1500574309       -001619739            1989 500
P9002447698427275    50007506    1500398999       -001649809            1989 500
P9002447699424496    50007506    1500357259       -001659259            1989 500
P9002447702416168    50007506    1500238199       -001732119            1989 500
P9002447706394400    50007506    1500093009       -001827409            1989 500
P9002447707402309    50007506    1500059399       -001843139            1989 500
P9002447709554200    50007506    1459589809       -001919809            1989 500
